mouse_sensibility=0.225000
reflection=1.000000
particles=1.000000
