mouse_sensibility=0.150000
reflection=1.000000
particles=1.000000
