mouse_sensibility=0.162500
reflection=1.000000
particles=1.000000
