mouse_sensibility=0.187500
reflection=1.000000
particles=1.000000
