mouse_sensibility=0.275000
reflection=1.000000
particles=1.000000
