mouse_sensibility=0.075000
reflection=0.000000
particles=1.000000
