mouse_sensibility=0.212500
reflection=1.000000
particles=1.000000
