mouse_sensibility=1.000000
reflection=1.000000
particles=1.000000
